RX: 00 08 00 00 01 00 00 24 AE DF
TX: CD 00 00 00 00 00 00 00 00 00 00 00 00 00 98 DE
RX: CE 00 00 00 00 00 00 08 00 00 01 00 00 24 AE DF
TX: CD 00 00 00 00 00 00 00 00 00 00 00 00 00 98 DE
RX: CD 04 00 00 00 00 00 08 00 05 00 00 00 00 8B DE
TX: CD 00 00 00 00 00 00 00 00 00 00 00 00 00 98 DE
RX: CD 04 00 00 00 00 00 08 00 05 00 00 00 00 8B DE
TX: CD 00 00 00 00 00 00 00 00 00 00 00 00 00 98 DE
RX: CD 04 00 00 00 00 00 08 00 05 00 00 00 00 8B DE
TX: CD 00 00 00 00 00 00 00 00 00 00 00 00 00 98 DE
RX: CD 04 00 00 00 00 00 08 00 05 00 00 00 00 8B DE
TX: CD 00 00 00 00 00 00 00 00 00 00 00 00 00 98 DE
RX: CD 04 00 00 00 00 00 08 00 05 00 00 00 00 8B DE
TX: CD 00 00 00 00 00 00 00 00 00 00 00 00 00 98 DE
RX: CE 00 00 00 00 00 00 08 00 00 01 00 00 24 AE DF
TX: CD 00 00 00 00 00 00 00 00 00 00 00 00 00 98 DE
RX: CE 00 00 00 00 00 00 08 00 00 01 00 00 24 AE DF
TX: CD 00 00 00 00 00 00 00 00 00 00 00 00 00 98 DE
RX: CE 00 00 00 00 00 00 08 00 00 01 00 00 24 AE DF
TX: CD 00 00 00 00 00 00 00 00 00 00 00 00 00 98 DE
RX: CE 00 00 00 00 00 00 08 00 00 01 00 00 24 AE DF
TX: CD 00 00 00 00 00 00 00 00 00 00 00 00 00 98 DE
RX: CE 00 00 00 00 00 00 08 00 00 01 00 00 24 AE DF
TX: CD 00 00 00 00 00 00 00 00 00 00 00 00 00 98 DE
RX: CD 04 00 00 00 00 00 08 00 05 00 00 00 00 8B DE
TX: CD 00 00 00 00 00 00 00 00 00 00 00 00 00 98 DE
RX: CD 04 00 00 00 00 00 08 00 05 00 00 00 00 8B DE
TX: CD 00 00 00 00 00 00 00 00 00 00 00 00 00 98 DE
RX: CD 04 00 00 00 00 00 08 00 05 00 00 00 00 8B DE
TX: CD 00 00 00 00 00 00 00 00 00 00 00 00 00 98 DE
RX: CD 04 00 00 00 00 00 08 00 05
